t = 0
b =  20.0 20.0 20.0
E = 0. 0. 0.
9.452235024813238 2.885537362262106 15.175092634934604 -0.5797309955058678 -0.18026392013292938 0.7946174500651773 0.656981541188629 0.47343281934465 0.5867168142339112 0.0 0.0 0.0 0.0 0.0 0.0
9.4726617123126 3.3528558521733114 15.4394433140396 -0.18699713923548655 -0.6515838576846654 0.7351670193381322 0.656981541188629 0.47343281934465 0.5867168142339112 0.0 0.0 0.0 0.0 0.0 0.0
9.450462396039363 3.671645781223182 15.871375338334788 0.2767800566558988 -0.8753561938008435 0.39641434662743646 0.656981541188629 0.47343281934465 0.5867168142339112 0.0 0.0 0.0 0.0 0.0 0.0
9.491355102389734 3.7908982383530287 16.393670025416895 0.6354038815079358 -0.7665660767169813 -0.09294276406145802 0.656981541188629 0.47343281934465 0.5867168142339112 0.0 0.0 0.0 0.0 0.0 0.0
9.677088143522852 3.7354119341752035 16.89477840650674 0.7526271483887302 -0.36654469078699947 -0.5469893647632564 0.656981541188629 0.47343281934465 0.5867168142339112 0.0 0.0 0.0 0.0 0.0 0.0
10.034382566812626 3.5963717561991366 17.271200544687762 0.5839147783417613 0.17273315147338508 -0.7932255606170062 0.656981541188629 0.47343281934465 0.5867168142339112 0.0 0.0 0.0 0.0 0.0 0.0
10.52478038219831 3.4967061055364845 17.46680689136726 0.19336342146827723 0.6463867815447455 -0.7381021039682153 0.656981541188629 0.47343281934465 0.5867168142339112 0.0 0.0 0.0 0.0 0.0 0.0
11.059255395591876 3.5443843420655465 17.494162840222785 -0.2706499320850109 0.8744672662965829 -0.40256131761280706 0.656981541188629 0.47343281934465 0.5867168142339112 0.0 0.0 0.0 0.0 0.0 0.0
10.734475477089862 4.593745061621446 17.011089259087413 0.2706499320850109 -0.8744672662965829 0.40256131761280706 -0.656981541188629 -0.47343281934465 -0.5867168142339112 0.0 0.0 0.0 0.0 0.0 0.0
10.756816487960242 4.27237024339018 16.5810843666054 -0.19336342146827715 -0.6463867815447455 0.7381021039682152 -0.656981541188629 -0.47343281934465 -0.5867168142339112 0.0 0.0 0.0 0.0 0.0 0.0
10.73508030082274 3.8036515379671996 16.319329871947357 -0.583914778341761 -0.1727331514733852 0.793225560617006 -0.656981541188629 -0.47343281934465 -0.5867168142339112 0.0 0.0 0.0 0.0 0.0 0.0
10.580240721589327 3.295558305230805 16.238391168790837 -0.7526271483887297 0.36654469078699914 0.5469893647632563 -0.656981541188629 -0.47343281934465 -0.5867168142339112 0.0 0.0 0.0 0.0 0.0 0.0
10.253839760199257 2.871018946292652 16.282138708543144 -0.6354038815079355 0.7665660767169807 0.09294276406145818 -0.656981541188629 -0.47343281934465 -0.5867168142339112 0.0 0.0 0.0 0.0 0.0 0.0
9.782598464026442 2.6212183486621705 16.34707255428771 -0.2767800566558987 0.8753561938008428 -0.396414346627436 -0.656981541188629 -0.47343281934465 -0.5867168142339112 0.0 0.0 0.0 0.0 0.0 0.0
9.248265145230018 2.5709552229517136 16.32164373724536 0.18699713923548622 0.651583857684665 -0.7351670193381314 -0.656981541188629 -0.47343281934465 -0.5867168142339112 0.0 0.0 0.0 0.0 0.0 0.0
8.756557830206196 2.669220658102591 16.128633575012817 0.5797309955058669 0.18026392013292936 -0.7946174500651765 -0.656981541188629 -0.47343281934465 -0.5867168142339112 0.0 0.0 0.0 0.0 0.0 0.0
