t = 1000000
b = 30 30 30
E = -1.3387027012208 -1.3387027012208 0
7.30740748740497 28.4212639663079 20.3744879575739 0.475891501472329 0.0208126027079121 -0.879257693018428 0.795079615143071 -0.437573941319967 0.419973107656224 0 0 0 0 0 0
7.40033232127435 27.9311109920338 20.5760233210717 0.698405314503047 0.592442204974333 -0.401549906918658 0.70842208656599 -0.652065948582572 0.270089355648734 0 0 0 0 0 0
7.57016945846731 27.3915450117125 20.3974075532866 0.617400417274423 0.782377116140283 0.0818710737545053 0.739687923970038 -0.612811447366806 0.278071826303121 0 0 0 0 0 0
7.89363705927146 26.9939345409593 20.116270198063 0.385689626810449 0.621237106945414 0.682134939512629 0.801346720134342 -0.591980668194206 0.0860375283045473 0 0 0 0 0 0
8.35568919337303 25.9223142830306 20.1372552929248 0.484564915774433 -0.861390830308287 -0.152324723914569 0.463892485539268 0.105412699062044 0.879597652922932 0 0 0 0 0 0
8.28205284451148 25.9512236081092 20.7438117534872 0.757054828560781 -0.459793933059044 -0.4641740550707 0.511812670784446 -0.0242318487637018 0.858755302086826 0 0 0 0 0 0
8.2627116408643 25.6377147829598 21.2787440748964 0.772768494924915 -0.0412585005509203 -0.633345588866459 0.593070018319772 -0.308459295887666 0.74372101506039 0 0 0 0 0 0
8.3327276312538 25.1886022178027 21.5854235070156 0.809472679538603 0.486398471218522 -0.328893058674625 0.56465570412435 -0.491280693837274 0.663179724258594 0 0 0 0 0 0
8.50518656490232 24.6328291177973 21.6807749704896 0.620992828687791 0.783168660832521 -0.0318582620945866 0.581668956995203 -0.433213105870251 0.688467781039647 0 0 0 0 0 0
8.94939171693001 24.1498671652785 21.7950297198355 0.109500591688743 0.948981932665669 0.295707786075664 0.560924593164173 -0.304596040668014 0.769795456375876 0 0 0 0 0 0
9.48309811624858 23.9109941673382 21.861643669261 -0.35844388227152 0.704048737702983 0.613052597832265 0.578672037521395 -0.347747574107654 0.73770619031356 0 0 0 0 0 0
9.96790106441188 23.9078508480136 21.9696648072288 -0.593451440709016 0.252944997694319 0.764090516689116 0.733805983523292 -0.219988052661972 0.642755144312675 0 0 0 0 0 0
10.4644453817669 24.1399959206641 22.1580488245712 -0.777575538564938 -0.26217931880903 0.571522872006454 0.619509392670132 -0.163848804863835 0.767698993588986 0 0 0 0 0 0
10.7342078139303 24.471380136631 22.4301766798038 -0.530670469210844 -0.702530264374251 0.474173262009835 0.395471969300185 0.289581625600976 0.871633260259481 0 0 0 0 0 0
10.6773303886469 24.9765313765449 22.7177955293296 -0.24490901520579 -0.923888323205912 0.294023770546754 0.0385636983065606 0.293736696207324 0.955108171002034 0 0 0 0 0 0
10.2777402150983 25.5258046483278 23.5019580258543 -0.751030770963266 -0.657098957952724 0.0646043072882485 0.659717801576686 -0.750795783506155 0.0328343349400786 0 0 0 0 0 0
10.5281324445133 25.4007994946741 23.9911894343965 -0.659613740656047 -0.659787353850169 -0.3599865751648 0.468401938684891 -0.735429099729817 0.489636223215292 0 0 0 0 0 0
10.6814291238698 25.3114001160413 24.6955754806761 -0.582392795148077 -0.437606662708201 -0.685068722525335 -0.58780881116232 -0.355420160527026 0.726744419033281 0 0 0 0 0 0
10.9722074285548 24.4987868179729 24.8457953428806 -0.169124388400008 -0.962127480079843 0.213794055490009 -0.537474917059316 -0.0917931794114079 -0.838269022230397 0 0 0 0 0 0
11.1509879753283 24.5286929138842 24.2267172484071 -0.69131020054273 -0.455618934748547 0.560804395130766 -0.591086035009637 -0.0897983902947161 -0.801594345636005 0 0 0 0 0 0
11.1869457484205 24.2715315938378 23.7628546629603 -0.882430499869933 0.22728800347763 0.411893938612044 -0.436091521034947 -0.0667791835950572 -0.897421195046841 0 0 0 0 0 0
11.0692662783046 23.8725484330647 23.3404515082837 -0.454608046066416 0.866491688280957 0.206212798737351 -0.491155926452565 -0.0507359218491314 -0.869592882831238 0 0 0 0 0 0
10.6079911987629 23.6399815508332 23.1255466562161 0.105678924860111 0.990157798790817 -0.0917581428926103 -0.377729537271392 -0.0453868318653487 -0.924802997390527 0 0 0 0 0 0
10.0773919537234 23.5976033600685 22.9113826063113 0.605464710279705 0.741675820746177 -0.288668605914598 -0.545282939313074 0.122378463313387 -0.829270826216831 0 0 0 0 0 0
9.53376692929228 23.7681286387025 22.8250600496139 0.810069033749153 0.405939447599137 -0.423085580962145 -0.574001100206184 0.401819796763152 -0.713486989112212 0 0 0 0 0 0
9.17911589923009 24.2217545260262 22.781366503374 0.760131543418696 -0.132048792730814 -0.63621008479017 -0.517157157522448 0.469833223781004 -0.715405766240686 0 0 0 0 0 0
9.07396958140926 24.7503768262431 22.5779335422528 0.363046256814518 -0.711302716038924 -0.601868744899461 -0.343212819417541 0.498439233774512 -0.796092631328399 0 0 0 0 0 0
9.09324117895001 25.3008713283275 22.2058058250211 -0.196639273583946 -0.916187390688471 -0.34919020023059 -0.56676277719753 0.39682810491465 -0.722016343505164 0 0 0 0 0 0
9.16388696277106 25.6908668887667 21.7528018837629 -0.405759792891468 -0.913885377250938 -0.0131381438409492 -0.314737862001066 0.153208418179586 -0.936732273006109 0 0 0 0 0 0
9.33108501738125 25.7615880390493 21.2342208647541 -0.868774821682801 -0.445103194575036 0.217056523747322 -0.399043752607253 0.369679279782025 -0.839107464366404 0 0 0 0 0 0
9.29996743901039 26.5626055733805 20.1798340457146 -0.0746706391094048 0.576751811337798 -0.813499646510772 -0.967833749774383 0.154627990822828 0.198464418832268 0 0 0 0 0 0
8.89460327669901 26.8455626426798 20.5816652435714 -0.137598824984127 0.136551492633991 -0.981030254689366 -0.931365387550399 0.319233482250611 0.175067585674877 0 0 0 0 0 0
8.65434106245053 27.303709556704 20.8176212884013 -0.330130723309121 -0.423366741993892 -0.843667218719806 -0.89669647238756 0.419860467310908 0.140188116255948 0 0 0 0 0 0
8.49233856921097 27.7871340548156 20.831890010303 -0.517839796192201 -0.638568270068106 -0.569273805261296 -0.708318693405022 0.693200642371892 -0.133257966874241 0 0 0 0 0 0
8.35251418928533 28.2945602612929 20.5466676636585 -0.606762658021033 -0.782474708213664 -0.139901966987033 -0.724547105166934 0.616823695908933 -0.307506467281723 0 0 0 0 0 0
8.26531798804622 28.6004514263665 20.0345478306974 -0.661557635673402 -0.566321264449768 0.491550421058053 -0.749399644031631 0.475472247060681 -0.460788943307539 0 0 0 0 0 0
8.12419559371261 28.6469297937488 19.5740082637968 -0.634188687293674 -0.102596111959785 0.766341184912176 -0.705321209020385 0.482809734895083 -0.519053809159618 0 0 0 0 0 0
7.81994586609582 28.4483091383702 19.1264714800435 -0.436507984592462 0.474715070562339 0.764268589652067 -0.723465140125246 0.319781912876559 -0.611831496186322 0 0 0 0 0 0
7.38724583053358 28.0980554455586 18.9124796118533 -0.145198933957535 0.900212139133482 0.410530724096282 -0.909594077817009 0.0418089654389545 -0.41338926860746 0 0 0 0 0 0
6.85403165938462 27.7864791626546 18.9625807881818 0.045326222672709 0.995477224077772 0.0834908285838775 -0.960115780556396 0.0664937162067426 -0.271581193292015 0 0 0 0 0 0
6.29065467227308 27.6701450318431 19.1087263047629 0.316049836752634 0.915058885147766 -0.250559261345388 -0.935001493748269 0.25562855091601 -0.245817880798952 0 0 0 0 0 0
5.78878964046245 26.637035594859 19.89926986795 -0.290505632333306 -0.18084780160725 0.939627955443905 -0.908529822871014 0.360309618302954 -0.211543131553829 0 0 0 0 0 0
5.33277115613107 26.4275202841923 19.6720513926919 -0.131188274066457 0.414432992706296 0.900574799057335 -0.974071947230771 0.11501376884637 -0.194822591481374 0 0 0 0 0 0
4.8853286195323 26.0677751048833 19.6478599126392 -0.0390597847906885 0.919503756166075 0.39113594797282 -0.977200194706861 0.0466030341704689 -0.207142509018353 0 0 0 0 0 0
4.37033865456486 25.8061860986844 19.8585445515458 0.203661261294628 0.973650971962503 -0.102596530359911 -0.978478741845192 0.205975955493683 0.0123831191305436 0 0 0 0 0 0
3.90783576209338 25.8297457091038 20.2257471888018 0.25219395387744 0.831577710109189 -0.494850405887278 -0.77888957367059 0.477896166727242 0.406135955577791 0 0 0 0 0 0
3.81600084042212 26.0403709693888 20.751499530268 -0.280043217449063 0.429052753394962 -0.858772205072985 -0.651561428606695 0.572018529263756 0.498259599129224 0 0 0 0 0 0
3.82192537809433 26.4560728915757 21.1461551719141 -0.616429802287617 -0.094404245272861 -0.781730244669776 -0.62339535623391 0.665009666452549 0.41126685166242 0 0 0 0 0 0
3.66821031783976 26.8655305969549 21.1733628904996 -0.656227625546395 -0.728370332080653 -0.197083697105277 -0.743757245808785 0.668421386974916 0.0061686607355707 0 0 0 0 0 0
3.42200932162159 27.3445328744568 20.9166036109206 -0.405902595558566 -0.819848685373039 0.403845632863831 -0.866408915037945 0.485811258134032 0.115425570421867 0 0 0 0 0 0
2.97218322524089 27.5202722914728 20.5770360187364 -0.100010597462498 -0.763200624466729 0.63837510903157 -0.994690459165678 0.092339130584949 -0.0454377062597597 0 0 0 0 0 0
1.98260883562942 27.9835747110689 19.700736384389 0.0722615084794213 -0.220652241671439 -0.972672062353507 0.683104963764586 -0.699637738510974 0.209463043523825 0 0 0 0 0 0
2.04631473859849 27.4784587299249 19.9463755279917 0.676415214086233 0.277979754702453 -0.682048190086183 0.703074244606165 -0.51959357272043 0.485498871819449 0 0 0 0 0 0
2.24670661723141 26.9410436452397 20.1263215961077 0.548752005881351 0.744182230900158 -0.380872716547026 0.811931533384802 -0.365933282101251 0.454818631622918 0 0 0 0 0 0
2.62620020435197 26.6278224713405 20.1761212026856 0.133980973669011 0.864456581476732 0.484524492835794 0.853428242846675 -0.349165459108573 0.386967467561939 0 0 0 0 0 0
3.15677700743912 26.4495411486433 19.8992229249331 0.00801165417220546 0.482700119631208 0.875749130627747 0.982247778996207 -0.167940080166267 0.0835801813387665 0 0 0 0 0 0
3.64955278212762 26.6133960188768 19.6005971426833 0.0278063184327897 -0.338068784415151 0.940710619882648 0.807315608452559 -0.547349581048753 -0.220567611917741 0 0 0 0 0 0
4.11465169401187 26.7656776972615 19.560754873199 -0.198585630179537 -0.713429293793234 0.671998961206421 0.979752872419504 -0.162317855937566 0.117206334563153 0 0 0 0 0 0
4.49880066924433 26.9899381018206 19.8336806619193 -0.13812544793297 -0.990409016705813 -0.00338133620187447 0.907278102693262 -0.127899477092581 0.4006098049202 0 0 0 0 0 0
4.82055051776965 27.0359778521587 20.3042494933618 0.0689876907180851 -0.782113950552373 -0.619304933125762 0.949903588946505 -0.138189852003951 0.280333396040778 0 0 0 0 0 0
5.08593366408333 26.778752908888 20.77224924277 0.179409768880409 -0.305314482551729 -0.935198026645933 0.954679919364121 -0.175447411792458 0.240425538133706 0 0 0 0 0 0
5.43805969998765 26.3812164883597 21.0090277845801 0.254484908382637 0.21488703755267 -0.942900387930678 0.92740018172689 -0.330638435625996 0.174948959600537 0 0 0 0 0 0
5.69221533966697 25.8850280068695 21.0764716097072 0.403044670477519 0.6859048634218 -0.605879120274901 0.869447393491726 -0.49363908921821 0.0195363807480511 0 0 0 0 0 0
5.94516542792127 25.35951301979 20.8752702861676 0.371614586251366 0.92230929833108 -0.106058498596472 0.918562346422513 -0.381850736090166 -0.102144146860083 0 0 0 0 0 0
6.24795329400312 25.0407906126566 20.430269136215 0.405728766752876 0.804812868598864 0.433198146226552 0.913987770586048 -0.355565084669074 -0.195448233532131 0 0 0 0 0 0
6.65363672155093 24.8977093519635 19.9751826763864 0.343534727736842 0.474937469178455 0.810196541627755 0.872625095847926 -0.480315734430954 -0.08844414962005 0 0 0 0 0 0
7.07833760982693 24.8726669112831 19.6500773115907 0.230122420865812 0.0854955303526768 0.969398956255005 0.939121049875292 -0.28067061364019 -0.198181287997796 0 0 0 0 0 0
7.50496630869898 25.0432355522531 19.4526855915892 0.103569304544543 -0.455484012959546 0.884198969322231 0.968272098789904 -0.157097569930659 -0.194343930723528 0 0 0 0 0 0
8.04929292224063 25.3197741763946 19.41265989409 -0.169041618140861 -0.840269156231424 0.515143375892481 0.98323966389324 -0.107549320947273 0.147217384681857 0 0 0 0 0 0
8.43727437733852 25.6838799748361 19.6753728194615 -0.112507288998494 -0.979657171518267 0.166174878340749 0.869472349234678 -0.0161059208085651 0.493719062230744 0 0 0 0 0 0
8.29344456877754 26.8815259377599 19.7393237680269 0.275360229017888 0.27018285751937 0.922593127079622 0.948851696968329 -0.230577529601237 -0.215672485521879 0 0 0 0 0 0
8.74533929695463 27.1118714230917 19.3757224427876 0.174592661797813 -0.183773535122274 0.967339015920515 0.969896528396052 -0.137279776235719 -0.201134456180059 0 0 0 0 0 0
9.21257125433806 27.3979672511323 19.1499213214976 0.00589171214636062 -0.649007757380592 0.760759028983703 0.958839604000299 -0.212310771791934 -0.188549238379321 0 0 0 0 0 0
9.74514514244769 27.6236492643242 19.2071521739903 -0.172651405546859 -0.917932032847868 0.357200733781979 0.984974167371419 -0.162432762417136 0.0586643792421542 0 0 0 0 0 0
10.1963697757539 27.7926053949301 19.5234901549589 -0.214075058599798 -0.90254802412801 -0.373602853623816 0.957629416510917 -0.269348508768966 0.101967539341664 0 0 0 0 0 0
10.5807826410207 27.70096087881 20.043008785478 -0.174615294376587 -0.657699743876942 -0.732762294414041 0.87360497979567 -0.446793405831654 0.192847134903801 0 0 0 0 0 0
10.804532777665 27.3960234378682 20.456904269743 0.0859418444409711 -0.209200937744303 -0.974088872020243 0.744198071952213 -0.636565159477654 0.202371428396866 0 0 0 0 0 0
10.817474198727 26.9277978008441 20.6685963278271 0.638524616190761 0.251517242307584 -0.727341411600002 0.596840365446342 -0.758492351261944 0.261669903659515 0 0 0 0 0 0
10.8187609978438 26.3812805830633 20.6329275505945 0.794797190245198 0.47682822496959 -0.375409585437654 0.495597425773468 -0.866996404238623 -0.0519669508113025 0 0 0 0 0 0
10.8769724981583 25.8763789992681 20.3832996404375 0.835675808262707 0.51150025389375 0.200033888352446 0.54681216682822 -0.808950648557849 -0.215859807270126 0 0 0 0 0 0
11.0841214091596 25.6087960222857 19.9474406504724 0.479263363824682 0.21212833933563 0.851650349754422 0.569089185250539 -0.813831011357066 -0.117544756416132 0 0 0 0 0 0
11.1447276694098 25.5773354765595 18.6560809719835 -0.454659048582438 -0.303360705879714 -0.837411195554949 0.607379133830246 -0.79328023861922 -0.0423929839453602 0 0 0 0 0 0
11.8602635985172 25.6614131559155 18.826952918422 -0.322430689287339 0.0338834372540574 -0.94598649532387 0.796143419907242 0.55029939104763 -0.25164735135659 0 0 0 0 0 0
12.4797450180485 25.6691786853487 18.7448481072489 -0.700747965624009 0.3406113347402 -0.626846356939222 0.575386175052311 0.789297159799949 -0.214338180860426 0 0 0 0 0 0
13.0468601887621 25.3844034559182 19.5179922199444 -0.0343647525672847 0.931659727548338 0.361703268951968 -0.99862135601005 -0.0176406664224334 -0.0494391055855408 0 0 0 0 0 0
12.5973571807331 25.201324067113 19.7356669871002 0.113585776709508 0.938642448042542 -0.325651126627505 -0.992259875663723 0.123730642522137 0.0105395691214909 0 0 0 0 0 0
12.190502992585 25.2972478781898 20.1993316769705 0.0704128045445097 0.703958460307242 -0.706742290349319 -0.934074362737594 0.295170701197402 0.200946154735489 0 0 0 0 0 0
11.9986016719266 25.5433651295815 20.5350849243627 -0.29363647762168 0.0618650669509551 -0.953913229061191 -0.757196518719014 0.5940390970165 0.271608343202244 0 0 0 0 0 0
11.9477833697881 25.9631935541287 20.7387182434547 -0.693032652770729 -0.389294192221525 -0.606758464784377 -0.555349472998925 0.824958890136491 0.105023138326009 0 0 0 0 0 0
11.8425732449232 26.523698093089 20.4860374078344 -0.83494431038206 -0.549872242646918 0.0225515388433322 -0.543783653907236 0.830616534792104 0.119898213635734 0 0 0 0 0 0
11.7216014817574 27.0136218014472 20.1400836228619 -0.691799524130869 -0.55573139050707 0.46105972846367 -0.604429408952845 0.795003615999617 0.0513262846474558 0 0 0 0 0 0
11.5029993533556 27.2831741941124 19.7373553242399 -0.454266017355848 -0.353312544419785 0.817809660557853 -0.846493778083038 0.457292880089616 -0.272638068019813 0 0 0 0 0 0
11.0639373465664 27.2376324632971 19.3061501408626 -0.213875420380703 0.194752629887426 0.957250687931662 -0.907257935119151 0.323667893082374 -0.268555900055362 0 0 0 0 0 0
10.516682204495 26.9667698501008 19.1273375560905 0.0784291274710232 0.598636822282639 0.797171890269801 -0.988142920187621 0.152554587920345 -0.0173432709022434 0 0 0 0 0 0
9.99081827480447 26.6627481340351 19.2289527044764 0.196546300681712 0.966343612431147 0.165980767924632 -0.970266130903523 0.167301046263071 0.174911418265521 0 0 0 0 0 0
9.65033609842617 26.5030612270057 19.636032024224 0.0251610737908273 0.913364490069315 -0.40636479160965 -0.866098852609007 0.222918380362079 0.447415076478318 0 0 0 0 0 0
9.30299966513524 25.6033605318977 20.6351759604233 -0.890535299424529 -0.0745856133047794 0.448758238459341 -0.449761260148069 -0.00370313941280329 -0.893141177695434 0 0 0 0 0 0
9.20478964387041 25.2536407258738 20.2148166603121 -0.692327080421626 0.572270191612943 0.439534022608888 -0.56442743119465 -0.0499876815002611 -0.82396784374734 0 0 0 0 0 0
8.88068900121452 24.8550407278427 19.9898481615758 -0.32161057091223 0.937748453691197 0.131127590933198 -0.726578672859714 -0.155607592300142 -0.669230662455911 0 0 0 0 0 0
8.41035986449704 24.4980956016735 19.9528842846414 -0.0397211333928761 0.981587209423161 -0.186839559199223 -0.921418390111737 -0.108317030402378 -0.373169791511039 0 0 0 0 0 0
7.93145253877151 24.409118784191 20.2109637075598 0.0870045193301305 0.716784699304111 -0.691845389999759 -0.993243804087511 0.00888110331120843 -0.115706297383827 0 0 0 0 0 0
7.49206301903781 24.5426243570626 20.5755841848875 0.195508235427293 0.330595378365009 -0.923300243028041 -0.898546843309229 0.437590923696138 -0.033583655111766 0 0 0 0 0 0
7.3440532703733 25.0298738120722 20.7719351825274 -0.226628630875524 -0.249342898528259 -0.941524102241704 -0.854444904150077 0.514898339344884 0.0693083306652549 0 0 0 0 0 0
7.05166139429125 25.5799603255313 20.8367871558237 -0.343037000791502 -0.626314356843 -0.700040060169976 -0.939056787724398 0.210954769491201 0.27142335311297 0 0 0 0 0 0
6.70922752014258 26.0499289186194 20.9407955699709 -0.322125080648108 -0.849923044115902 -0.416972733010976 -0.937398777853814 0.347936167053401 0.0149668232045399 0 0 0 0 0 0
6.4561334838669 26.4004799592885 20.6908000446347 -0.426447948453422 -0.88206128447495 0.20027511395299 -0.903492296137744 0.404883030519738 -0.140610811780886 0 0 0 0 0 0
6.13481567501687 26.6717719100515 20.3068458558195 -0.34865749769529 -0.676549303570817 0.648628670461211 -0.911335241709934 0.406332403905828 -0.0660470207564545 0 0 0 0 0 0
5.88468843358466 27.7878545180309 19.5782075097502 0.122122233528216 0.566395813867758 -0.815035001068078 -0.992219973143033 0.0496457203819263 -0.11417054119182 0 0 0 0 0 0
5.40599705463064 28.0699293890384 19.8327440961864 0.19513211545404 0.0357540817084056 -0.980125121846503 -0.959614478163962 0.213436251833624 -0.183262771175488 0 0 0 0 0 0
5.1608576832224 28.5681377348993 19.8337886425615 -0.153001859876673 -0.56856153184696 -0.808287251119799 -0.791583786701141 0.560152954873986 -0.244180040138677 0 0 0 0 0 0
5.15706477487789 29.0716069736135 19.6943933212394 -0.522392112114467 -0.736229179055983 -0.430201242893057 -0.579048090937981 0.676634479781938 -0.454828721533059 0 0 0 0 0 0
5.29623570589008 29.4394540826921 19.2965630550524 -0.84066318306351 -0.538310173555844 -0.0592248230159537 -0.420655098922784 0.717944150549228 -0.554621939929289 0 0 0 0 0 0
5.32839218785371 29.6848211999522 18.7953305688229 -0.878109941741523 -0.171213616469018 0.446776058171479 -0.455242070272758 0.586325447234721 -0.670057580712143 0 0 0 0 0 0
5.17142156909186 29.7890672050592 18.2528893171498 -0.627383343920633 -0.324451896293028 0.707899058749878 -0.777469053502325 0.209672511606147 -0.592941189137758 0 0 0 0 0 0
4.86162191797486 29.7313152205284 17.7142787430895 -0.276181339899991 0.342938395503654 0.897840243505875 -0.740628806056363 0.519426472685974 -0.426221865516358 0 0 0 0 0 0
4.41103034674943 29.6043496779447 17.5074451370627 0.0927859413885993 0.847560803929699 0.522524134379184 -0.899801000250428 0.296073488722501 -0.320466336950904 0 0 0 0 0 0
3.87200632575294 29.4591978094358 17.5809186760228 0.405381696909819 0.909584290053415 -0.0912255385989993 -0.85369701859528 0.340998309512411 -0.39360075333932 0 0 0 0 0 0
3.37608064298986 29.5854293764672 17.7066692473257 0.504063073732169 0.562464288120621 -0.655404025593201 -0.84147530185256 0.490756328127228 -0.226003721652893 0 0 0 0 0 0
2.99479046295291 29.9324388611325 17.9332752182938 0.240969595281533 -0.0231196988133691 -0.970257294735543 -0.873148668477293 0.431304658802653 -0.227129368776677 0 0 0 0 0 0
2.92643237821714 30.5966674547919 18.7893137852969 0.0264577806472805 0.942839902893906 -0.332194034726283 0.675581058534942 0.2280711426784 0.701123224006212 0 0 0 0 0 0
3.49083728466949 30.4847352899366 18.9811599784995 -0.570857257282204 0.819743379900759 0.0462924611800212 0.364688727704017 0.202641587125689 0.908811681523443 0 0 0 0 0 0
4.33730563019149 29.801045311513 18.9654159627572 0.618024602676903 -0.117250995527941 -0.777365991513814 0.508687464352035 -0.694274310635916 0.50913689504857 0 0 0 0 0 0
4.20185241256969 29.2725477010128 19.1514226484695 0.908448255887626 0.338088994983535 -0.245800057218717 0.415827991880554 -0.790800553481821 0.449134381703086 0 0 0 0 0 0
4.30944508964035 28.7152249202277 19.2163721198027 0.700739090656309 0.709906412607546 0.0706942043849057 0.644746453794031 -0.672590315048571 0.36321396235365 0 0 0 0 0 0
4.58114081079325 28.2783546036489 19.0206710068994 0.335612368655604 0.659427426832109 0.672696009436758 0.717230851504451 -0.641835193132963 0.271344223182342 0 0 0 0 0 0
5.05865137273938 27.960512765139 18.7909196282658 -0.0466451047218126 0.465494224106701 0.883820905381409 0.891912438807852 -0.378997642231808 0.246684108617681 0 0 0 0 0 0
5.644753745904 28.069442740096 18.6416715580998 -0.246257140377587 0.00764563485994997 0.969174443959696 0.926416347566781 -0.291981950548879 0.237696185959877 0 0 0 0 0 0
6.10529291258404 28.4003536719392 18.5726037498037 -0.245434015996145 -0.506541596431065 0.826545791681452 0.964965974839791 -0.0460787671606772 0.258297505468232 0 0 0 0 0 0
6.54211411216868 28.7726432324075 18.7257741294344 -0.195144535038769 -0.866535211235743 0.45938585226414 0.977995923825851 -0.136693487646734 0.15760355939433 0 0 0 0 0 0
6.92167462637355 29.0283558000075 19.0344596321067 -0.115468927694722 -0.992599575238874 0.0375911017069455 0.907507703103177 -0.0900326410351936 0.410273024457933 0 0 0 0 0 0
7.15820124760762 29.1432693499535 19.500122163187 0.139475673764095 -0.858694521738738 -0.493143341175068 0.927509960382587 -0.0611273752617821 0.368766584789996 0 0 0 0 0 0
7.33169711748377 29.04347176838 20.0350548860726 0.301497785265405 -0.590360230066285 -0.74871487568809 0.732720934617448 -0.359004374770802 0.578131473279594 0 0 0 0 0 0
