t = 0
b = 5 5 5
E = 0 0 0
0.46039512753486633 -0.5989367365837097 -1.4439787864685059 0.8157478553271572 0.34925103755281633 0.4610630643387354 -0.5597495146282495 0.2758419879816207 0.7814036591543367 0 0 0 0 0 0
0.2485683113336563 -0.643284022808075 -0.9106814861297607 0.7414257090735197 0.6605864198264023 0.11795549951471042 -0.38026101623631764 0.2687746629652547 0.8849642592098492 0 0 0 0 0 0
0.39339402318000793 -0.7077552676200867 -0.4283731281757355 0.17807913114043702 0.9544236976399175 -0.2395062179477067 -0.45391627284204705 0.29562922115694407 0.8405732453792014 0 0 0 0 0 0
0.5579111576080322 -0.49264639616012573 0.014229996129870415 -0.49028863071504997 0.7236983292005831 -0.4856725099322029 -0.35824541386524295 0.3406560748113679 0.869260411003879 0 0 0 0 0 0
0.5074377059936523 -0.04451293125748634 0.3905465304851532 -0.7560766118340504 0.12525674451725866 -0.6423853243890936 -0.5686264915079462 0.3602620142773011 0.7395101042069847 0 0 0 0 0 0
0.2736528217792511 0.31058865785598755 0.626028299331665 -0.783373294754064 -0.3201680766614645 -0.532746359680722 -0.6214520327870244 0.418794090045422 0.6621245208326769 0 0 0 0 0 0
-0.14702080190181732 0.6454327702522278 0.7529628276824951 -0.568276350423014 -0.7452601468564007 -0.34878260142598305 -0.7352705720777792 0.2696429505247833 0.62182784198579 0 0 0 0 0 0
-0.6440362930297852 0.8012202382087708 0.770214319229126 -0.13080476070085809 -0.9662201040637023 0.22205590530566718 -0.7135869175763594 0.2472471959184939 0.6554864874078733 0 0 0 0 0 0
-1.1302237510681152 0.7328642010688782 0.7674453258514404 0.33294307623237607 -0.6344667962887197 0.6975677690347013 -0.7916672094836459 0.21380484364413924 0.5723202934220335 0 0 0 0 0 0
-0.7388226985931396 -0.13111037015914917 1.52034592628479 -0.3771476223786818 0.7274289817644384 -0.5732423112639711 0.6004190425709991 -0.2792229252382328 -0.7493540760812136 0 0 0 0 0 0
-0.7296369075775146 -0.3424040675163269 1.0124146938323975 0.022085981660688113 0.9839215017443873 -0.17723060632733156 0.558542879643761 -0.15917161717818254 -0.8140603465862573 0 0 0 0 0 0
-0.7345874309539795 -0.3759381175041199 0.44432565569877625 0.4938619201479213 0.8329987314159831 0.24942637648647104 0.5580465324230919 -0.08364442170659377 -0.8255832352754824 0 0 0 0 0 0
-0.6354930400848389 -0.15451925992965698 -0.011010902002453804 0.7444356423458653 0.3350791546859082 0.5775270855120788 0.6377467137404215 -0.10069587620999074 -0.7636356916930974 0 0 0 0 0 0
-0.4257027804851532 0.11226540803909302 -0.35752514004707336 0.7692279219168718 -0.17266271720629375 0.6152040232560172 0.6165774886952821 -0.052102451923493484 -0.7855682878895884 0 0 0 0 0 0
-0.0760333314538002 0.34398871660232544 -0.6567535400390625 0.4244769936312887 -0.7774270006975763 0.4641406472871272 0.6171575950273896 -0.1266640063033023 -0.7765775765544649 0 0 0 0 0 0
0.4405844509601593 0.4527738690376282 -0.737196683883667 0.023154654735220694 -0.9609027444249182 0.2759162512806247 0.8063806329130675 -0.14518727410091062 -0.5732982908590151 0 0 0 0 0 0
1.0467007160186768 0.2597425580024719 -0.823261022567749 -0.541966243347763 -0.8402896775884366 -0.013632637669753648 0.598648130887096 -0.37462683664457225 -0.7080078732973719 0 0 0 0 0 0
1.4145796298980713 -0.1482831835746765 -0.9053308963775635 -0.7982260472291014 -0.25984958593692836 -0.54342742865392 0.5872764307324102 -0.13510847048157337 -0.7980301342119421 0 0 0 0 0 0
